0	0.01
0	0.109994
0.01	0.208924
0.02	0.306282
0.03	0.40157
0.04	0.494302
0.05	0.584011
0.06	0.670244
0.07	0.752571
0.08	0.830583
0.09	0.903898
0.1	0.972156
0.11	1.03503
0.12	1.09222
0.13	1.14345
0.14	1.18849
0.15	1.22714
0.16	1.25922
0.17	1.2846
0.18	1.30319
0.19	1.31491
0.2	1.31975
0.21	1.31771
0.22	1.30884
0.23	1.29321
0.24	1.27094
0.25	1.24218
0.26	1.20711
0.27	1.16594
0.28	1.11892
0.29	1.06632
0.3	1.00844
0.31	0.945606
0.32	0.878171
0.33	0.806507
0.34	0.731006
0.35	0.652081
0.36	0.570158
0.37	0.485676
0.38	0.399088
0.39	0.310854
0.4	0.221439
0.41	0.131315
0.42	0.0409531
0.43	-0.0491768
0.44	-0.138607
0.45	-0.226878
0.46	-0.313535
0.47	-0.398136
0.48	-0.480253
0.49	-0.559471
0.5	-0.635393
0.51	-0.707641
0.52	-0.775858
0.53	-0.839708
0.54	-0.898883
0.55	-0.953098
0.56	-1.00209
0.57	-1.04565
0.58	-1.08355
0.59	-1.11564
0.6	-1.14178
0.61	-1.16186
0.62	-1.1758
0.63	-1.18357
0.64	-1.18515
0.65	-1.18057
0.66	-1.16988
0.67	-1.15317
0.68	-1.13055
0.69	-1.10217
0.7	-1.0682
0.71	-1.02886
0.72	-0.984358
0.73	-0.934967
0.74	-0.880964
0.75	-0.82265
0.76	-0.760351
0.77	-0.694409
0.78	-0.625185
0.79	-0.553055
0.8	-0.478408
0.81	-0.401643
0.82	-0.32317
0.83	-0.243406
0.84	-0.16277
0.85	-0.0816853
0.86	-0.000576071
0.87	0.0801367
0.88	0.160036
0.89	0.23871
0.9	0.315757
0.91	0.390784
0.92	0.463412
0.93	0.533275
0.94	0.600025
0.95	0.663329
0.96	0.722876
0.97	0.778375
0.98	0.829557
0.99	0.876179
1	0.918021
1.01	0.954888
1.02	0.986613
1.03	1.01306
1.04	1.03411
1.05	1.04969
1.06	1.05974
1.07	1.06423
1.08	1.06318
1.09	1.05661
1.1	1.04458
1.11	1.02719
1.12	1.00454
1.13	0.976795
1.14	0.944109
1.15	0.90668
1.16	0.864726
1.17	0.818488
1.18	0.768226
1.19	0.714221
1.2	0.656773
1.21	0.596196
1.22	0.532821
1.23	0.466991
1.24	0.399059
1.25	0.32939
1.26	0.258352
1.27	0.186323
1.28	0.11368
1.29	0.0408051
1.3	-0.0319231
1.31	-0.104127
1.32	-0.175435
1.33	-0.24548
1.34	-0.313905
1.35	-0.380363
1.36	-0.444518
1.37	-0.506048
1.38	-0.564646
1.39	-0.620023
1.4	-0.671907
1.41	-0.720046
1.42	-0.764207
1.43	-0.804182
1.44	-0.839782
1.45	-0.870846
1.46	-0.897233
1.47	-0.91883
1.48	-0.935549
1.49	-0.947325
1.5	-0.954124
1.51	-0.955933
1.52	-0.952768
1.53	-0.94467
1.54	-0.931705
1.55	-0.913964
1.56	-0.891564
1.57	-0.864644
1.58	-0.833365
1.59	-0.797911
1.6	-0.758488
1.61	-0.715319
1.62	-0.668648
1.63	-0.618733
1.64	-0.565851
1.65	-0.51029
1.66	-0.452352
1.67	-0.39235
1.68	-0.330606
1.69	-0.267449
1.7	-0.203213
1.71	-0.138239
1.72	-0.0728663
1.73	-0.00743734
1.74	0.057708
1.75	0.122233
1.76	0.185805
1.77	0.248099
1.78	0.308797
1.79	0.367593
1.8	0.424189
1.81	0.478304
1.82	0.529668
1.83	0.578028
1.84	0.623147
1.85	0.664807
1.86	0.702809
1.87	0.736974
1.88	0.767142
1.89	0.793178
1.9	0.814965
1.91	0.832412
1.92	0.845449
1.93	0.854031
1.94	0.858135
1.95	0.857762
1.96	0.852935
1.97	0.843701
1.98	0.830131
1.99	0.812316
2	0.79037
2.01	0.764426
2.02	0.73464
2.03	0.701185
2.04	0.664252
2.05	0.624052
2.06	0.580808
2.07	0.53476
2.08	0.486162
2.09	0.435277
2.1	0.382383
2.11	0.327763
2.12	0.271709
2.13	0.214521
2.14	0.156499
2.15	0.0979511
2.16	0.0391824
2.17	-0.0195003
2.18	-0.0777927
2.19	-0.135394
2.2	-0.192008
2.21	-0.247346
2.22	-0.301127
2.23	-0.353079
2.24	-0.402941
2.25	-0.450465
2.26	-0.495415
2.27	-0.53757
2.28	-0.576726
2.29	-0.612693
2.3	-0.6453
2.31	-0.674395
2.32	-0.699845
2.33	-0.721533
2.34	-0.739368
2.35	-0.753274
2.36	-0.763199
2.37	-0.769111
2.38	-0.770999
2.39	-0.768874
2.4	-0.762765
2.41	-0.752725
2.42	-0.738824
2.43	-0.721154
2.44	-0.699826
2.45	-0.674968
2.46	-0.646726
2.47	-0.615264
2.48	-0.580762
2.49	-0.543413
2.5	-0.503426
2.51	-0.46102
2.52	-0.416429
2.53	-0.369895
2.54	-0.321669
2.55	-0.272009
2.56	-0.221181
2.57	-0.169455
2.58	-0.117103
2.59	-0.0644014
2.6	-0.0116244
2.61	0.040953
2.62	0.0930588
2.63	0.144425
2.64	0.194787
2.65	0.24389
2.66	0.291484
2.67	0.33733
2.68	0.381198
2.69	0.42287
2.7	0.46214
2.71	0.498816
2.72	0.532721
2.73	0.563692
2.74	0.591583
2.75	0.616263
2.76	0.637622
2.77	0.655563
2.78	0.67001
2.79	0.680907
2.8	0.688213
2.81	0.691908
2.82	0.691992
2.83	0.688481
2.84	0.681411
2.85	0.670837
2.86	0.65683
2.87	0.639481
2.88	0.618896
2.89	0.595198
2.9	0.568525
2.91	0.53903
2.92	0.506881
2.93	0.472258
2.94	0.435352
2.95	0.396366
2.96	0.355514
2.97	0.313017
2.98	0.269103
2.99	0.224008
3	0.177971
3.01	0.131237
3.02	0.0840507
3.03	0.0366607
3.04	-0.0106863
3.05	-0.0577446
3.06	-0.104271
3.07	-0.150027
3.08	-0.194778
3.09	-0.238297
3.1	-0.280364
3.11	-0.320768
3.12	-0.359307
3.13	-0.395789
3.14	-0.430036
3.15	-0.461881
3.16	-0.49117
3.17	-0.517763
3.18	-0.541536
3.19	-0.56238
3.2	-0.580199
3.21	-0.594918
3.22	-0.606474
3.23	-0.614822
3.24	-0.619937
3.25	-0.621806
3.26	-0.620436
3.27	-0.615851
3.28	-0.608089
3.29	-0.597207
3.3	-0.583277
3.31	-0.566386
3.32	-0.546636
3.33	-0.524144
3.34	-0.499041
3.35	-0.471469
3.36	-0.441584
3.37	-0.409553
3.38	-0.375552
3.39	-0.339769
3.4	-0.302396
3.41	-0.263637
3.42	-0.2237
3.43	-0.182797
3.44	-0.141147
3.45	-0.0989683
3.46	-0.0564834
3.47	-0.0139145
3.48	0.0285171
3.49	0.0705916
3.5	0.112092
3.51	0.152806
3.52	0.192526
3.53	0.23105
3.54	0.268184
3.55	0.303743
3.56	0.337548
3.57	0.369434
3.58	0.399244
3.59	0.426834
3.6	0.45207
3.61	0.474835
3.62	0.495021
3.63	0.512536
3.64	0.527303
3.65	0.539258
3.66	0.548353
3.67	0.554556
3.68	0.557848
3.69	0.558226
3.7	0.555702
3.71	0.550305
3.72	0.542076
3.73	0.531072
3.74	0.517364
3.75	0.501036
3.76	0.482186
3.77	0.460924
3.78	0.437373
3.79	0.411667
3.8	0.383949
3.81	0.354373
3.82	0.323102
3.83	0.290307
3.84	0.256165
3.85	0.220862
3.86	0.184585
3.87	0.147527
3.88	0.109887
3.89	0.0718604
3.9	0.0336483
3.91	-0.00455045
3.92	-0.0425374
3.93	-0.0801163
3.94	-0.117094
3.95	-0.153281
3.96	-0.188494
3.97	-0.222555
3.98	-0.255292
3.99	-0.286541
4	-0.316148
4.01	-0.343968
4.02	-0.369864
4.03	-0.393711
4.04	-0.415396
4.05	-0.434816
4.06	-0.451882
4.07	-0.466517
4.08	-0.478657
4.09	-0.488251
4.1	-0.495262
4.11	-0.499666
4.12	-0.501453
4.13	-0.500626
4.14	-0.497204
4.15	-0.491215
4.16	-0.482705
4.17	-0.471729
4.18	-0.458358
4.19	-0.442671
4.2	-0.424763
4.21	-0.404736
4.22	-0.382706
4.23	-0.358797
4.24	-0.333142
4.25	-0.305883
4.26	-0.277169
4.27	-0.247157
4.28	-0.216009
4.29	-0.183893
4.3	-0.15098
4.31	-0.117444
4.32	-0.083464
4.33	-0.0492177
4.34	-0.0148843
4.35	0.0193572
4.36	0.0533296
4.37	0.0868576
4.38	0.119769
4.39	0.151897
4.4	0.183077
4.41	0.213153
4.42	0.241974
4.43	0.269396
4.44	0.295283
4.45	0.319509
4.46	0.341957
4.47	0.362518
4.48	0.381094
4.49	0.3976
4.5	0.411959
4.51	0.424108
4.52	0.433994
4.53	0.441577
4.54	0.446829
4.55	0.449735
4.56	0.45029
4.57	0.448504
4.58	0.444397
4.59	0.438002
4.6	0.429364
4.61	0.418538
4.62	0.405591
4.63	0.390602
4.64	0.373657
4.65	0.354855
4.66	0.334303
4.67	0.312116
4.68	0.288416
4.69	0.263336
4.7	0.237011
4.71	0.209585
4.72	0.181205
4.73	0.152024
4.74	0.122197
4.75	0.0918818
4.76	0.061239
4.77	0.0304291
4.78	-0.000387085
4.79	-0.0310495
4.8	-0.0613996
4.81	-0.0912813
4.82	-0.120542
4.83	-0.149032
4.84	-0.176608
4.85	-0.20313
4.86	-0.228467
4.87	-0.252493
4.88	-0.275089
4.89	-0.296144
4.9	-0.315558
4.91	-0.333237
4.92	-0.349098
4.93	-0.363068
4.94	-0.375083
4.95	-0.385091
4.96	-0.39305
4.97	-0.398927
4.98	-0.402704
4.99	-0.40437
5	-0.403928
5.01	-0.40139
5.02	-0.39678
5.03	-0.390132
5.04	-0.38149
5.05	-0.370909
5.06	-0.358453
5.07	-0.344197
5.08	-0.328224
5.09	-0.310625
5.1	-0.291498
5.11	-0.270952
5.12	-0.2491
5.13	-0.226062
5.14	-0.201963
5.15	-0.176933
5.16	-0.151108
5.17	-0.124625
5.18	-0.0976256
5.19	-0.0702519
5.2	-0.0426481
5.21	-0.0149587
5.22	0.0126719
5.23	0.0401007
5.24	0.0671861
5.25	0.0937891
5.26	0.119774
5.27	0.145009
5.28	0.169366
5.29	0.192724
5.3	0.214965
5.31	0.235981
5.32	0.255667
5.33	0.273928
5.34	0.290677
5.35	0.305833
5.36	0.319326
5.37	0.331095
5.38	0.341085
5.39	0.349255
5.4	0.35557
5.41	0.360008
5.42	0.362553
5.43	0.363203
5.44	0.361964
5.45	0.35885
5.46	0.353888
5.47	0.347112
5.48	0.338567
5.49	0.328305
5.5	0.316389
5.51	0.302887
5.52	0.28788
5.53	0.27145
5.54	0.253692
5.55	0.234704
5.56	0.21459
5.57	0.193461
5.58	0.17143
5.59	0.148618
5.6	0.125147
5.61	0.101141
5.62	0.0767274
5.63	0.052036
5.64	0.0271959
5.65	0.00233688
5.66	-0.0224118
5.67	-0.0469223
5.68	-0.0710682
5.69	-0.0947261
5.7	-0.117776
5.71	-0.1401
5.72	-0.161586
5.73	-0.182128
5.74	-0.201622
5.75	-0.219973
5.76	-0.237091
5.77	-0.252893
5.78	-0.267304
5.79	-0.280255
5.8	-0.291688
5.81	-0.301548
5.82	-0.309794
5.83	-0.316391
5.84	-0.321311
5.85	-0.324538
5.86	-0.326064
5.87	-0.325889
5.88	-0.324021
5.89	-0.32048
5.9	-0.315292
5.91	-0.308492
5.92	-0.300123
5.93	-0.290236
5.94	-0.278891
5.95	-0.266153
5.96	-0.252095
5.97	-0.236797
5.98	-0.220345
5.99	-0.202829
6	-0.184345
6.01	-0.164996
6.02	-0.144884
6.03	-0.12412
6.04	-0.102812
6.05	-0.0810761
6.06	-0.0590257
6.07	-0.0367774
6.08	-0.0144476
6.09	0.00784721
6.1	0.0299915
6.11	0.0518709
6.12	0.0733731
6.13	0.0943883
6.14	0.11481
6.15	0.134534
6.16	0.153463
6.17	0.171501
6.18	0.18856
6.19	0.204555
6.2	0.219409
6.21	0.23305
6.22	0.245414
6.23	0.256442
6.24	0.266084
6.25	0.274296
6.26	0.281043
6.27	0.286297
6.28	0.290038
6.29	0.292254
6.3	0.292942
6.31	0.292104
6.32	0.289753
6.33	0.285909
6.34	0.280599
6.35	0.273858
6.36	0.265727
6.37	0.256256
6.38	0.245501
6.39	0.233524
6.4	0.220393
6.41	0.206181
6.42	0.190969
6.43	0.17484
6.44	0.157882
6.45	0.140187
6.46	0.121852
6.47	0.102974
6.48	0.0836542
6.49	0.063995
6.5	0.0441003
6.51	0.0240744
6.52	0.00402219
6.53	-0.0159522
6.54	-0.0357453
6.55	-0.0552553
6.56	-0.0743822
6.57	-0.0930285
6.58	-0.1111
6.59	-0.128505
6.6	-0.145157
6.61	-0.160973
6.62	-0.175875
6.63	-0.189791
6.64	-0.202651
6.65	-0.214396
6.66	-0.22497
6.67	-0.234323
6.68	-0.242413
6.69	-0.249203
6.7	-0.254667
6.71	-0.25878
6.72	-0.261529
6.73	-0.262906
6.74	-0.262911
6.75	-0.26155
6.76	-0.258837
6.77	-0.254794
6.78	-0.249446
6.79	-0.24283
6.8	-0.234985
6.81	-0.225958
6.82	-0.215802
6.83	-0.204575
6.84	-0.19234
6.85	-0.179167
6.86	-0.165128
6.87	-0.150301
6.88	-0.134766
6.89	-0.118608
6.9	-0.101913
6.91	-0.0847708
6.92	-0.067273
6.93	-0.0495119
6.94	-0.0315811
6.95	-0.0135745
6.96	0.00441379
6.97	0.0222906
6.98	0.0399636
6.99	0.0573419
7	0.0743369
7.01	0.090862
7.02	0.106834
7.03	0.122172
7.04	0.1368
7.05	0.150646
7.06	0.16364
7.07	0.175721
7.08	0.18683
7.09	0.196914
7.1	0.205925
7.11	0.213822
7.12	0.22057
7.13	0.226138
7.14	0.230505
7.15	0.233653
7.16	0.235572
7.17	0.236258
7.18	0.235714
7.19	0.233947
7.2	0.230975
7.21	0.226817
7.22	0.221502
7.23	0.215062
7.24	0.207537
7.25	0.198971
7.26	0.189414
7.27	0.17892
7.28	0.167549
7.29	0.155363
7.3	0.142431
7.31	0.128822
7.32	0.114611
7.33	0.0998748
7.34	0.0846925
7.35	0.0691451
7.36	0.0533151
7.37	0.0372861
7.38	0.0211425
7.39	0.00496853
7.4	-0.0111516
7.41	-0.0271344
7.42	-0.0428975
7.43	-0.0583602
7.44	-0.0734435
7.45	-0.0880712
7.46	-0.102169
7.47	-0.115667
7.48	-0.128498
7.49	-0.140598
7.5	-0.151909
7.51	-0.162374
7.52	-0.171945
7.53	-0.180575
7.54	-0.188225
7.55	-0.19486
7.56	-0.20045
7.57	-0.204971
7.58	-0.208405
7.59	-0.21074
7.6	-0.211969
7.61	-0.212091
7.62	-0.21111
7.63	-0.209038
7.64	-0.205891
7.65	-0.201689
7.66	-0.196461
7.67	-0.190238
7.68	-0.183057
7.69	-0.174961
7.7	-0.165996
7.71	-0.156213
7.72	-0.145667
7.73	-0.134417
7.74	-0.122523
7.75	-0.110052
7.76	-0.0970704
7.77	-0.0836487
7.78	-0.0698586
7.79	-0.0557736
7.8	-0.0414683
7.81	-0.027018
7.82	-0.0124986
7.83	0.00201424
7.84	0.0164451
7.85	0.0307195
7.86	0.044764
7.87	0.0585069
7.88	0.0718781
7.89	0.0848102
7.9	0.0972381
7.91	0.1091
7.92	0.120336
7.93	0.130892
7.94	0.140717
7.95	0.149762
7.96	0.157984
7.97	0.165346
7.98	0.171812
7.99	0.177354
8	0.181948
8.01	0.185574
8.02	0.188218
8.03	0.189872
8.04	0.190531
8.05	0.190198
8.06	0.188878
8.07	0.186584
8.08	0.183332
8.09	0.179143
8.1	0.174045
8.11	0.168068
8.12	0.161247
8.13	0.153623
8.14	0.145238
8.15	0.13614
8.16	0.12638
8.17	0.116011
8.18	0.105091
8.19	0.0936788
8.2	0.0818362
8.21	0.0696269
8.22	0.0571162
8.23	0.0443703
8.24	0.0314568
8.25	0.0184435
8.26	0.00539854
8.27	-0.00761024
8.28	-0.0205154
8.29	-0.0332505
8.3	-0.0457501
8.31	-0.0579506
8.32	-0.0697899
8.33	-0.0812085
8.34	-0.092149
8.35	-0.102557
8.36	-0.112381
8.37	-0.121573
8.38	-0.130088
8.39	-0.137886
8.4	-0.144929
8.41	-0.151184
8.42	-0.156624
8.43	-0.161223
8.44	-0.164962
8.45	-0.167826
8.46	-0.169804
8.47	-0.170891
8.48	-0.171084
8.49	-0.170388
8.5	-0.16881
8.51	-0.166363
8.52	-0.163065
8.53	-0.158935
8.54	-0.154
8.55	-0.14829
8.56	-0.141838
8.57	-0.134681
8.58	-0.126859
8.59	-0.118417
8.6	-0.109402
8.61	-0.0998624
8.62	-0.0898514
8.63	-0.0794231
8.64	-0.0686336
8.65	-0.0575407
8.66	-0.0462036
8.67	-0.0346824
8.68	-0.0230378
8.69	-0.0113308
8.7	0.000377289
8.71	0.0120258
8.72	0.0235544
8.73	0.034904
8.74	0.0460163
8.75	0.0568349
8.76	0.067305
8.77	0.077374
8.78	0.0869915
8.79	0.0961097
8.8	0.104684
8.81	0.112672
8.82	0.120036
8.83	0.12674
8.84	0.132752
8.85	0.138046
8.86	0.142596
8.87	0.146383
8.88	0.149392
8.89	0.151609
8.9	0.153028
8.91	0.153646
8.92	0.153462
8.93	0.152482
8.94	0.150715
8.95	0.148174
8.96	0.144876
8.97	0.140841
8.98	0.136095
8.99	0.130665
9	0.124584
9.01	0.117885
9.02	0.110607
9.03	0.10279
9.04	0.0944779
9.05	0.085716
9.06	0.0765521
9.07	0.0670357
9.08	0.0572179
9.09	0.0471513
9.1	0.0368894
9.11	0.0264865
9.12	0.0159972
9.13	0.00547645
9.14	-0.00502091
9.15	-0.0154405
9.16	-0.0257285
9.17	-0.0358323
9.18	-0.0457001
9.19	-0.055282
9.2	-0.0645296
9.21	-0.0733964
9.22	-0.0818384
9.23	-0.0898137
9.24	-0.0972832
9.25	-0.104211
9.26	-0.110563
9.27	-0.116309
9.28	-0.121423
9.29	-0.125881
9.3	-0.129664
9.31	-0.132754
9.32	-0.13514
9.33	-0.136812
9.34	-0.137765
9.35	-0.137998
9.36	-0.137512
9.37	-0.136315
9.38	-0.134416
9.39	-0.131829
9.4	-0.128569
9.41	-0.124657
9.42	-0.120117
9.43	-0.114976
9.44	-0.109263
9.45	-0.10301
9.46	-0.0962533
9.47	-0.0890298
9.48	-0.0813794
9.49	-0.0733441
9.5	-0.0649674
9.51	-0.0562945
9.52	-0.0473719
9.53	-0.0382472
9.54	-0.0289689
9.55	-0.0195857
9.56	-0.010147
9.57	-0.000702137
9.58	0.00869988
9.59	0.0180104
9.6	0.0271815
9.61	0.0361663
9.62	0.0449189
9.63	0.0533952
9.64	0.0615523
9.65	0.0693496
9.66	0.0767483
9.67	0.0837118
9.68	0.0902063
9.69	0.0962003
9.7	0.101665
9.71	0.106575
9.72	0.110907
9.73	0.114642
9.74	0.117762
9.75	0.120256
9.76	0.122113
9.77	0.123327
9.78	0.123894
9.79	0.123814
9.8	0.123092
9.81	0.121734
9.82	0.119751
9.83	0.117155
9.84	0.113964
9.85	0.110196
9.86	0.105875
9.87	0.101025
9.88	0.0956741
9.89	0.0898526
9.9	0.0835931
9.91	0.0769303
9.92	0.0699007
9.93	0.0625427
9.94	0.054896
9.95	0.0470019
9.96	0.0389026
9.97	0.030641
9.98	0.022261
9.99	0.0138067
10	0.00532229
10.01	-0.00314797
10.02	-0.0115602
10.03	-0.0198709
10.04	-0.0280375
10.05	-0.0360182
10.06	-0.0437725
10.07	-0.0512613
10.08	-0.058447
10.09	-0.0652936
10.1	-0.0717675
10.11	-0.0778366
10.12	-0.0834716
10.13	-0.0886453
10.14	-0.0933331
10.15	-0.097513
10.16	-0.101166
10.17	-0.104275
10.18	-0.106828
10.19	-0.108813
10.2	-0.110223
10.21	-0.111053
10.22	-0.111303
10.23	-0.110974
10.24	-0.110069
10.25	-0.108598
10.26	-0.106569
10.27	-0.103997
10.28	-0.100898
10.29	-0.0972893
10.3	-0.0931935
10.31	-0.0886338
10.32	-0.0836362
10.33	-0.0782288
10.34	-0.0724417
10.35	-0.0663068
10.36	-0.0598578
10.37	-0.0531296
10.38	-0.0461586
10.39	-0.0389822
10.4	-0.0316386
10.41	-0.0241669
10.42	-0.0166065
10.43	-0.00899705
10.44	-0.00137835
10.45	0.00620997
10.46	0.0137287
10.47	0.021139
10.48	0.0284031
10.49	0.0354839
10.5	0.0423454
10.51	0.0489533
10.52	0.0552743
10.53	0.0612771
10.54	0.0669321
10.55	0.0722115
10.56	0.0770899
10.57	0.0815439
10.58	0.0855523
10.59	0.0890967
10.6	0.0921608
10.61	0.0947312
10.62	0.0967969
10.63	0.0983496
10.64	0.0993838
10.65	0.0998968
10.66	0.0998883
10.67	0.0993611
10.68	0.0983204
10.69	0.0967741
10.7	0.0947328
10.71	0.0922095
10.72	0.0892197
10.73	0.0857813
10.74	0.0819142
10.75	0.0776406
10.76	0.0729849
10.77	0.067973
10.78	0.0626328
10.79	0.0569935
10.8	0.051086
10.81	0.0449422
10.82	0.0385953
10.83	0.0320791
10.84	0.0254285
10.85	0.0186785
10.86	0.0118647
10.87	0.00502288
10.88	-0.00181133
10.89	-0.00860247
10.9	-0.0153155
10.91	-0.0219159
10.92	-0.0283699
10.93	-0.0346449
10.94	-0.0407089
10.95	-0.0465317
10.96	-0.0520841
10.97	-0.0573386
10.98	-0.0622694
10.99	-0.0668525
11	-0.0710658
11.01	-0.0748892
11.02	-0.0783048
11.03	-0.0812969
11.04	-0.083852
11.05	-0.0859589
11.06	-0.087609
11.07	-0.088796
11.08	-0.0895159
11.09	-0.0897673
11.1	-0.0895512
11.11	-0.088871
11.12	-0.0877326
11.13	-0.0861441
11.14	-0.084116
11.15	-0.081661
11.16	-0.0787939
11.17	-0.0755317
11.18	-0.0718932
11.19	-0.0678993
11.2	-0.0635723
11.21	-0.0589365
11.22	-0.0540174
11.23	-0.0488419
11.24	-0.0434382
11.25	-0.0378356
11.26	-0.032064
11.27	-0.0261543
11.28	-0.0201379
11.29	-0.0140465
11.3	-0.00791211
11.31	-0.00176687
11.32	0.00435728
11.33	0.0104286
11.34	0.0164159
11.35	0.0222884
11.36	0.0280163
11.37	0.0335704
11.38	0.0389228
11.39	0.0440466
11.4	0.0489165
11.41	0.0535082
11.42	0.0577995
11.43	0.0617694
11.44	0.0653989
11.45	0.0686708
11.46	0.07157
11.47	0.0740831
11.48	0.0761991
11.49	0.0779088
11.5	0.0792055
11.51	0.0800844
11.52	0.080543
11.53	0.0805811
11.54	0.0802003
11.55	0.0794049
11.56	0.078201
11.57	0.0765968
11.58	0.0746027
11.59	0.072231
11.6	0.0694957
11.61	0.0664129
11.62	0.0630004
11.63	0.0592775
11.64	0.055265
11.65	0.0509852
11.66	0.0464617
11.67	0.0417191
11.68	0.0367832
11.69	0.0316806
11.7	0.0264385
11.71	0.021085
11.72	0.0156483
11.73	0.0101571
11.74	0.00464014
11.75	-0.000873698
11.76	-0.00635584
11.77	-0.011778
11.78	-0.0171122
11.79	-0.0223313
11.8	-0.0274087
11.81	-0.0323188
11.82	-0.0370367
11.83	-0.0415391
11.84	-0.0458036
11.85	-0.0498091
11.86	-0.0535362
11.87	-0.0569669
11.88	-0.0600847
11.89	-0.0628752
11.9	-0.0653253
11.91	-0.0674241
11.92	-0.0691623
11.93	-0.0705327
11.94	-0.07153
11.95	-0.0721509
11.96	-0.072394
11.97	-0.0722599
11.98	-0.0717511
11.99	-0.0708721
12	-0.0696293
12.01	-0.068031
12.02	-0.0660873
12.03	-0.0638098
12.04	-0.0612121
12.05	-0.0583093
12.06	-0.055118
12.07	-0.051656
12.08	-0.0479428
12.09	-0.0439989
12.1	-0.0398459
12.11	-0.0355063
12.12	-0.0310038
12.13	-0.0263623
12.14	-0.0216068
12.15	-0.0167625
12.16	-0.011855
12.17	-0.00691007
12.18	-0.00195362
12.19	0.00298856
12.2	0.00789089
12.21	0.0127281
12.22	0.0174753
12.23	0.0221084
12.24	0.0266039
12.25	0.030939
12.26	0.0350921
12.27	0.0390425
12.28	0.0427706
12.29	0.0462582
12.3	0.0494883
12.31	0.0524455
12.32	0.0551158
12.33	0.0574866
12.34	0.0595471
12.35	0.0612882
12.36	0.0627024
12.37	0.063784
12.38	0.0645289
12.39	0.064935
12.4	0.0650018
12.41	0.0647307
12.42	0.0641247
12.43	0.0631886
12.44	0.0619289
12.45	0.0603538
12.46	0.0584729
12.47	0.0562976
12.48	0.0538406
12.49	0.051116
12.5	0.0481394
12.51	0.0449274
12.52	0.0414979
12.53	0.0378697
12.54	0.0340627
12.55	0.0300975
12.56	0.0259955
12.57	0.0217787
12.58	0.0174696
12.59	0.0130909
12.6	0.0086658
12.61	0.00421749
12.62	-0.000230814
12.63	-0.00465601
12.64	-0.00903522
12.65	-0.0133459
12.66	-0.0175661
12.67	-0.0216742
12.68	-0.0256496
12.69	-0.0294721
12.7	-0.0331227
12.71	-0.0365833
12.72	-0.0398369
12.73	-0.0428675
12.74	-0.0456605
12.75	-0.0482026
12.76	-0.0504818
12.77	-0.0524876
12.78	-0.0542109
12.79	-0.0556441
12.8	-0.0567812
12.81	-0.0576178
12.82	-0.0581511
12.83	-0.0583796
12.84	-0.0583039
12.85	-0.0579256
12.86	-0.0572484
12.87	-0.0562771
12.88	-0.0550183
12.89	-0.05348
12.9	-0.0516714
12.91	-0.0496034
12.92	-0.0472879
12.93	-0.0447382
12.94	-0.0419687
12.95	-0.0389949
12.96	-0.0358331
12.97	-0.0325008
12.98	-0.0290162
12.99	-0.0253979
13	-0.0216656
13.01	-0.0178391
13.02	-0.0139388
13.03	-0.00998535
13.04	-0.00599948
13.05	-0.00200208
13.06	0.00198603
13.07	0.00594418
13.08	0.00985196
13.09	0.0136893
13.1	0.0174367
13.11	0.021075
13.12	0.024586
13.13	0.0279519
13.14	0.0311561
13.15	0.0341827
13.16	0.0370168
13.17	0.0396448
13.18	0.0420538
13.19	0.0442326
13.2	0.0461708
13.21	0.0478598
13.22	0.0492918
13.23	0.0504607
13.24	0.0513618
13.25	0.0519917
13.26	0.0523484
13.27	0.0524315
13.28	0.0522418
13.29	0.0517817
13.3	0.051055
13.31	0.0500666
13.32	0.048823
13.33	0.047332
13.34	0.0456025
13.35	0.0436446
13.36	0.0414697
13.37	0.0390902
13.38	0.0365192
13.39	0.0337713
13.4	0.0308615
13.41	0.0278058
13.42	0.0246206
13.43	0.0213233
13.44	0.0179315
13.45	0.0144632
13.46	0.0109369
13.47	0.00737114
13.48	0.00378467
13.49	0.000196204
13.5	-0.00337561
13.51	-0.00691229
13.52	-0.0103957
13.53	-0.0138079
13.54	-0.0171315
13.55	-0.0203499
13.56	-0.0234467
13.57	-0.0264064
13.58	-0.0292144
13.59	-0.0318569
13.6	-0.0343208
13.61	-0.0365944
13.62	-0.0386667
13.63	-0.0405279
13.64	-0.0421695
13.65	-0.043584
13.66	-0.0447651
13.67	-0.0457079
13.68	-0.0464086
13.69	-0.0468649
13.7	-0.0470754
13.71	-0.0470405
13.72	-0.0467613
13.73	-0.0462407
13.74	-0.0454825
13.75	-0.0444917
13.76	-0.0432748
13.77	-0.041839
13.78	-0.040193
13.79	-0.0383464
13.8	-0.0363097
13.81	-0.0340944
13.82	-0.031713
13.83	-0.0291785
13.84	-0.026505
13.85	-0.023707
13.86	-0.0207997
13.87	-0.0177986
13.88	-0.0147198
13.89	-0.0115798
13.9	-0.00839508
13.91	-0.00518245
13.92	-0.00195873
13.93	0.0012593
13.94	0.00445493
13.95	0.00761168
13.96	0.0107133
13.97	0.0137441
13.98	0.0166885
13.99	0.0195318
14	0.0222596
14.01	0.0248583
14.02	0.0273151
14.03	0.029618
14.04	0.0317557
14.05	0.0337179
14.06	0.0354953
14.07	0.0370796
14.08	0.0384635
14.09	0.0396408
14.1	0.0406064
14.11	0.0413563
14.12	0.0418877
14.13	0.042199
14.14	0.0422895
14.15	0.04216
14.16	0.0418121
14.17	0.0412487
14.18	0.0404739
14.19	0.0394926
14.2	0.0383111
14.21	0.0369364
14.22	0.0353766
14.23	0.0336408
14.24	0.0317387
14.25	0.0296812
14.26	0.0274797
14.27	0.0251463
14.28	0.0226937
14.29	0.0201354
14.3	0.0174851
14.31	0.014757
14.32	0.0119657
14.33	0.00912597
14.34	0.00625286
14.35	0.00336142
14.36	0.000466763
14.37	-0.00241606
14.38	-0.00527214
14.39	-0.00808676
14.4	-0.0108455
14.41	-0.0135344
14.42	-0.0161397
14.43	-0.0186483
14.44	-0.0210477
14.45	-0.023326
14.46	-0.0254719
14.47	-0.0274749
14.48	-0.0293254
14.49	-0.0310144
14.5	-0.032534
14.51	-0.0338772
14.52	-0.0350378
14.53	-0.0360106
14.54	-0.0367917
14.55	-0.0373778
14.56	-0.0377669
14.57	-0.0379579
14.58	-0.0379507
14.59	-0.0377466
14.6	-0.0373473
14.61	-0.0367561
14.62	-0.0359768
14.63	-0.0350145
14.64	-0.0338751
14.65	-0.0325654
14.66	-0.031093
14.67	-0.0294663
14.68	-0.0276945
14.69	-0.0257877
14.7	-0.0237563
14.71	-0.0216115
14.72	-0.0193651
14.73	-0.0170291
14.74	-0.0146162
14.75	-0.0121392
14.76	-0.00961141
14.77	-0.00704613
14.78	-0.00445688
14.79	-0.00185724
14.8	0.00073924
14.81	0.00331909
14.82	0.005869
14.83	0.00837587
14.84	0.0108269
14.85	0.0132096
14.86	0.0155119
14.87	0.0177224
14.88	0.0198299
14.89	0.021824
14.9	0.023695
14.91	0.0254337
14.92	0.0270317
14.93	0.0284814
14.94	0.0297761
14.95	0.0309097
14.96	0.0318772
14.97	0.0326743
14.98	0.0332978
14.99	0.0337453
15	0.0340154
15.01	0.0341074
15.02	0.0340218
15.03	0.0337599
15.04	0.0333239
15.05	0.0327171
15.06	0.0319432
15.07	0.0310073
15.08	0.0299149
15.09	0.0286726
15.1	0.0272874
15.11	0.0257673
15.12	0.0241209
15.13	0.0223572
15.14	0.0204862
15.15	0.0185179
15.16	0.0164632
15.17	0.0143331
15.18	0.012139
15.19	0.00989271
15.2	0.00760608
15.21	0.0052912
15.22	0.00296024
15.23	0.000625381
15.24	-0.00170122
15.25	-0.00400753
15.26	-0.00628166
15.27	-0.00851197
15.28	-0.0106871
15.29	-0.012796
15.3	-0.014828
15.31	-0.016773
15.32	-0.0186213
15.33	-0.0203638
15.34	-0.0219919
15.35	-0.0234978
15.36	-0.0248743
15.37	-0.0261147
15.38	-0.0272134
15.39	-0.0281653
15.4	-0.0289663
15.41	-0.0296129
15.42	-0.0301024
15.43	-0.0304332
15.44	-0.0306043
15.45	-0.0306156
15.46	-0.0304679
15.47	-0.0301626
15.48	-0.0297021
15.49	-0.0290896
15.5	-0.0283291
15.51	-0.0274252
15.52	-0.0263832
15.53	-0.0252094
15.54	-0.0239104
15.55	-0.0224936
15.56	-0.020967
15.57	-0.0193389
15.58	-0.0176185
15.59	-0.015815
15.6	-0.0139383
15.61	-0.0119984
15.62	-0.0100057
15.63	-0.00797087
15.64	-0.00590466
15.65	-0.00381797
15.66	-0.00172173
15.67	0.000373139
15.68	0.00245575
15.69	0.00451534
15.7	0.00654134
15.71	0.00852338
15.72	0.0104514
15.73	0.0123156
15.74	0.0141067
15.75	0.0158157
15.76	0.0174341
15.77	0.018954
15.78	0.020368
15.79	0.0216692
15.8	0.0228514
15.81	0.0239092
15.82	0.0248375
15.83	0.0256323
15.84	0.02629
15.85	0.0268079
15.86	0.027184
15.87	0.0274171
15.88	0.0275066
15.89	0.0274529
15.9	0.0272567
15.91	0.02692
15.92	0.0264452
15.93	0.0258353
15.94	0.0250942
15.95	0.0242264
15.96	0.0232371
15.97	0.0221319
15.98	0.0209173
15.99	0.0195999
16	0.0181873
16.01	0.0166871
16.02	0.0151077
16.03	0.0134576
16.04	0.0117457
16.05	0.00998122
16.06	0.0081736
16.07	0.00633243
16.08	0.00446743
16.09	0.00258842
16.1	0.000705215
16.11	-0.00117237
16.12	-0.00303463
16.13	-0.00487195
16.14	-0.00667491
16.15	-0.00843432
16.16	-0.0101413
16.17	-0.0117871
16.18	-0.0133637
16.19	-0.014863
16.2	-0.0162778
16.21	-0.017601
16.22	-0.0188263
16.23	-0.0199478
16.24	-0.0209602
16.25	-0.0218587
16.26	-0.0226393
16.27	-0.0232984
16.28	-0.0238332
16.29	-0.0242417
16.3	-0.0245222
16.31	-0.0246739
16.32	-0.0246968
16.33	-0.0245913
16.34	-0.0243585
16.35	-0.0240004
16.36	-0.0235194
16.37	-0.0229186
16.38	-0.0222017
16.39	-0.021373
16.4	-0.0204374
16.41	-0.0194003
16.42	-0.0182675
16.43	-0.0170454
16.44	-0.0157408
16.45	-0.0143608
16.46	-0.0129131
16.47	-0.0114054
16.48	-0.00984589
16.49	-0.00824293
16.5	-0.00660505
16.51	-0.00494094
16.52	-0.00325936
16.53	-0.00156913
16.54	0.000120926
16.55	0.00180203
16.56	0.00346549
16.57	0.00510276
16.58	0.00670546
16.59	0.00826544
16.6	0.0097748
16.61	0.011226
16.62	0.0126117
16.63	0.013925
16.64	0.0151596
16.65	0.0163094
16.66	0.0173688
16.67	0.0183327
16.68	0.0191967
16.69	0.0199567
16.7	0.0206093
16.71	0.0211517
16.72	0.0215815
16.73	0.0218971
16.74	0.0220975
16.75	0.022182
16.76	0.022151
16.77	0.022005
16.78	0.0217454
16.79	0.0213742
16.8	0.0208938
16.81	0.0203073
16.82	0.0196181
16.83	0.0188305
16.84	0.0179489
16.85	0.0169785
16.86	0.0159246
16.87	0.0147932
16.88	0.0135905
16.89	0.0123232
16.9	0.0109981
16.91	0.00962246
16.92	0.00820358
16.93	0.00674907
16.94	0.00526667
16.95	0.00376422
16.96	0.00224962
16.97	0.000730791
16.98	-0.000784351
16.99	-0.00228796
17	-0.00377227
17.01	-0.00522968
17.02	-0.00665275
17.03	-0.00803426
17.04	-0.00936723
17.05	-0.010645
17.06	-0.0118612
17.07	-0.0130097
17.08	-0.0140851
17.09	-0.015082
17.1	-0.0159956
17.11	-0.0168217
17.12	-0.0175563
17.13	-0.0181961
17.14	-0.0187382
17.15	-0.0191804
17.16	-0.0195207
17.17	-0.019758
17.18	-0.0198915
17.19	-0.019921
17.2	-0.0198469
17.21	-0.0196701
17.22	-0.019392
17.23	-0.0190145
17.24	-0.0185402
17.25	-0.0179718
17.26	-0.0173129
17.27	-0.0165674
17.28	-0.0157394
17.29	-0.0148338
17.3	-0.0138556
17.31	-0.0128103
17.32	-0.0117036
17.33	-0.0105415
17.34	-0.00933038
17.35	-0.00807678
17.36	-0.00678741
17.37	-0.00546913
17.38	-0.00412893
17.39	-0.0027739
17.4	-0.00141112
17.41	-4.77352e-005
17.42	0.00130919
17.43	0.00265262
17.44	0.00397567
17.45	0.00527154
17.46	0.00653366
17.47	0.00775562
17.48	0.00893128
17.49	0.0100548
17.5	0.0111205
17.51	0.0121232
17.52	0.013058
17.53	0.0139204
17.54	0.0147062
17.55	0.0154118
17.56	0.0160338
17.57	0.0165695
17.58	0.0170165
17.59	0.0173729
17.6	0.0176374
17.61	0.0178089
17.62	0.0178871
17.63	0.0178719
17.64	0.0177641
17.65	0.0175645
17.66	0.0172746
17.67	0.0168964
17.68	0.0164324
17.69	0.0158853
17.7	0.0152583
17.71	0.0145552
17.72	0.01378
17.73	0.012937
17.74	0.012031
17.75	0.0110669
17.76	0.0100501
17.77	0.00898616
17.78	0.00788074
17.79	0.00673983
17.8	0.00556954
17.81	0.00437608
17.82	0.00316577
17.83	0.00194498
17.84	0.000720099
17.85	-0.000502489
17.86	-0.00171645
17.87	-0.00291551
17.88	-0.00409352
17.89	-0.00524447
17.9	-0.00636251
17.91	-0.007442
17.92	-0.00847751
17.93	-0.00946389
17.94	-0.0103963
17.95	-0.01127
17.96	-0.012081
17.97	-0.0128252
17.98	-0.0134991
17.99	-0.0140996
18	-0.0146239
18.01	-0.0150696
18.02	-0.0154349
18.03	-0.0157182
18.04	-0.0159185
18.05	-0.0160351
18.06	-0.0160678
18.07	-0.016017
18.08	-0.0158832
18.09	-0.0156675
18.1	-0.0153715
18.11	-0.0149972
18.12	-0.0145468
18.13	-0.0140231
18.14	-0.0134291
18.15	-0.0127683
18.16	-0.0120444
18.17	-0.0112615
18.18	-0.010424
18.19	-0.00953645
18.2	-0.00860376
18.21	-0.00763097
18.22	-0.00662334
18.23	-0.00558627
18.24	-0.00452529
18.25	-0.00344604
18.26	-0.0023542
18.27	-0.00125551
18.28	-0.000155713
18.29	0.000939477
18.3	0.00202439
18.31	0.00309345
18.32	0.00414118
18.33	0.00516223
18.34	0.00615144
18.35	0.00710383
18.36	0.00801464
18.37	0.00887932
18.38	0.00969363
18.39	0.0104536
18.4	0.0111555
18.41	0.011796
18.42	0.0123721
18.43	0.0128811
18.44	0.0133207
18.45	0.0136889
18.46	0.0139842
18.47	0.0142054
18.48	0.0143518
18.49	0.0144228
18.5	0.0144187
18.51	0.0143396
18.52	0.0141865
18.53	0.0139604
18.54	0.0136629
18.55	0.013296
18.56	0.0128617
18.57	0.0123629
18.58	0.0118022
18.59	0.011183
18.6	0.0105088
18.61	0.00978334
18.62	0.00901062
18.63	0.0081949
18.64	0.00734064
18.65	0.00645245
18.66	0.00553513
18.67	0.00459358
18.68	0.0036328
18.69	0.00265789
18.7	0.00167397
18.71	0.000686205
18.72	-0.000300259
18.73	-0.0012803
18.74	-0.00224887
18.75	-0.00320099
18.76	-0.00413179
18.77	-0.00503655
18.78	-0.00591069
18.79	-0.00674982
18.8	-0.00754977
18.81	-0.00830656
18.82	-0.00901647
18.83	-0.00967606
18.84	-0.0102821
18.85	-0.0108318
18.86	-0.0113226
18.87	-0.0117521
18.88	-0.0121184
18.89	-0.01242
18.9	-0.0126556
18.91	-0.0128243
18.92	-0.0129255
18.93	-0.0129592
18.94	-0.0129253
18.95	-0.0128245
18.96	-0.0126576
18.97	-0.0124257
18.98	-0.0121305
18.99	-0.0117737
19	-0.0113575
19.01	-0.0108843
19.02	-0.010357
19.03	-0.00977847
19.04	-0.00915199
19.05	-0.00848106
19.06	-0.00776939
19.07	-0.00702086
19.08	-0.00623956
19.09	-0.0054297
19.1	-0.00459562
19.11	-0.00374178
19.12	-0.00287271
19.13	-0.001993
19.14	-0.00110728
19.15	-0.000220159
19.16	0.000663731
19.17	0.00153982
19.18	0.0024036
19.19	0.00325063
19.2	0.00407662
19.21	0.00487736
19.22	0.00564882
19.23	0.00638714
19.24	0.00708865
19.25	0.00774989
19.26	0.00836762
19.27	0.00893884
19.28	0.00946082
19.29	0.00993109
19.3	0.0103475
19.31	0.010708
19.32	0.0110112
19.33	0.0112557
19.34	0.0114405
19.35	0.011565
19.36	0.0116289
19.37	0.011632
19.38	0.0115746
19.39	0.0114575
19.4	0.0112813
19.41	0.0110475
19.42	0.0107575
19.43	0.010413
19.44	0.0100161
19.45	0.00956909
19.46	0.00907463
19.47	0.00853547
19.48	0.00795463
19.49	0.00733533
19.5	0.00668098
19.51	0.00599516
19.52	0.00528157
19.53	0.00454407
19.54	0.0037866
19.55	0.00301319
19.56	0.00222794
19.57	0.00143498
19.58	0.000638478
19.59	-0.000157418
19.6	-0.000948577
19.61	-0.00173091
19.62	-0.0025004
19.63	-0.00325312
19.64	-0.00398523
19.65	-0.00469303
19.66	-0.00537297
19.67	-0.00602166
19.68	-0.00663587
19.69	-0.0072126
19.7	-0.00774902
19.71	-0.00824254
19.72	-0.00869083
19.73	-0.00909177
19.74	-0.00944351
19.75	-0.00974446
19.76	-0.00999333
19.77	-0.0101891
19.78	-0.0103309
19.79	-0.0104184
19.8	-0.0104513
19.81	-0.0104298
19.82	-0.0103543
19.83	-0.0102253
19.84	-0.0100438
19.85	-0.00981109
19.86	-0.00952855
19.87	-0.00919791
19.88	-0.00882112
19.89	-0.00840037
19.9	-0.00793807
19.91	-0.0074368
19.92	-0.00689938
19.93	-0.00632878
19.94	-0.00572811
19.95	-0.00510064
19.96	-0.00444978
19.97	-0.00377901
19.98	-0.00309191
19.99	-0.00239214
20	-0.00168339
20.01	-0.000969386
20.02	-0.000253865
20.03	0.00045945
20.04	0.00116687
20.05	0.00186474
20.06	0.00254948
20.07	0.00321762
20.08	0.00386575
20.09	0.00449061
20.1	0.00508906
20.11	0.00565814
20.12	0.00619502
20.13	0.00669709
20.14	0.00716189
20.15	0.00758721
20.16	0.00797102
20.17	0.00831155
20.18	0.00860722
20.19	0.00885673
20.2	0.00905901
20.21	0.00921325
20.22	0.00931886
20.23	0.00937556
20.24	0.00938328
20.25	0.00934222
20.26	0.00925285
20.27	0.00911585
20.28	0.00893218
20.29	0.00870302
20.3	0.00842979
20.31	0.00811411
20.32	0.00775785
20.33	0.00736305
20.34	0.00693195
20.35	0.00646696
20.36	0.00597068
20.37	0.00544583
20.38	0.00489528
20.39	0.00432201
20.4	0.00372912
20.41	0.00311978
20.42	0.00249724
20.43	0.00186479
20.44	0.00122577
20.45	0.000583535
20.46	-5.85699e-005
20.47	-0.000697208
20.48	-0.00132908
20.49	-0.00195094
20.5	-0.00255959
20.51	-0.00315196
20.52	-0.00372504
20.53	-0.00427595
20.54	-0.00480193
20.55	-0.00530039
20.56	-0.00576885
20.57	-0.00620505
20.58	-0.00660687
20.59	-0.00697239
20.6	-0.0072999
20.61	-0.00758788
20.62	-0.00783503
20.63	-0.00804026
20.64	-0.00820273
20.65	-0.00832179
20.66	-0.00839704
20.67	-0.0084283
20.68	-0.00841563
20.69	-0.00835932
20.7	-0.00825986
20.71	-0.00811799
20.72	-0.00793466
20.73	-0.00771101
20.74	-0.00744842
20.75	-0.00714843
20.76	-0.00681279
20.77	-0.00644341
20.78	-0.00604239
20.79	-0.00561196
20.8	-0.0051545
20.81	-0.00467252
20.82	-0.00416865
20.83	-0.00364561
20.84	-0.0031062
20.85	-0.00255332
20.86	-0.0019899
20.87	-0.00141892
20.88	-0.000843387
20.89	-0.000266304
20.9	0.00030932
20.91	0.000880502
20.92	0.0014443
20.93	0.00199781
20.94	0.00253823
20.95	0.0030628
20.96	0.00356887
20.97	0.00405392
20.98	0.00451552
20.99	0.0049514
21	0.00535941
21.01	0.00573757
21.02	0.00608407
21.03	0.00639726
21.04	0.00667569
21.05	0.00691806
21.06	0.00712331
21.07	0.00729055
21.08	0.0074191
21.09	0.00750849
21.1	0.00755843
21.11	0.00756887
21.12	0.00753994
21.13	0.00747199
21.14	0.00736557
21.15	0.00722142
21.16	0.00704046
21.17	0.00682383
21.18	0.00657283
21.19	0.00628892
21.2	0.00597374
21.21	0.00562909
21.22	0.0052569
21.23	0.00485923
21.24	0.00443829
21.25	0.00399637
21.26	0.00353587
21.27	0.00305926
21.28	0.00256912
21.29	0.00206805
21.3	0.0015587
21.31	0.00104377
21.32	0.000525951
21.33	7.95052e-006
21.34	-0.00050754
21.35	-0.00101785
21.36	-0.00152037
21.37	-0.00201251
21.38	-0.00249178
21.39	-0.00295574
21.4	-0.00340207
21.41	-0.00382852
21.42	-0.00423299
21.43	-0.00461348
21.44	-0.00496814
21.45	-0.00529524
21.46	-0.00559323
21.47	-0.0058607
21.48	-0.00609642
21.49	-0.0062993
21.5	-0.00646847
21.51	-0.00660321
21.52	-0.00670298
21.53	-0.00676745
21.54	-0.00679646
21.55	-0.00679001
21.56	-0.00674834
21.57	-0.00667181
21.58	-0.00656101
21.59	-0.00641668
21.6	-0.00623973
21.61	-0.00603124
21.62	-0.00579245
21.63	-0.00552476
21.64	-0.00522968
21.65	-0.0049089
21.66	-0.00456419
21.67	-0.00419748
21.68	-0.00381078
21.69	-0.00340618
21.7	-0.00298589
21.71	-0.00255216
21.72	-0.00210731
21.73	-0.0016537
21.74	-0.00119374
21.75	-0.000729841
21.76	-0.000264438
21.77	0.000200045
21.78	0.000661202
21.79	0.00111665
21.8	0.00156406
21.81	0.00200114
21.82	0.00242568
21.83	0.00283552
21.84	0.00322862
21.85	0.00360301
21.86	0.00395684
21.87	0.00428838
21.88	0.00459601
21.89	0.00487826
21.9	0.00513377
21.91	0.00536137
21.92	0.00555999
21.93	0.00572876
21.94	0.00586694
21.95	0.00597397
21.96	0.00604944
21.97	0.00609312
21.98	0.00610494
21.99	0.00608499
22	0.00603353
22.01	0.00595098
22.02	0.00583794
22.03	0.00569513
22.04	0.00552344
22.05	0.0053239
22.06	0.0050977
22.07	0.00484613
22.08	0.00457064
22.09	0.00427276
22.1	0.00395415
22.11	0.00361657
22.12	0.00326188
22.13	0.00289198
22.14	0.00250889
22.15	0.00211466
22.16	0.00171138
22.17	0.0013012
22.18	0.00088628
22.19	0.000468801
22.2	5.0944e-005
22.21	-0.00036512
22.22	-0.000777238
22.23	-0.00118329
22.24	-0.00158119
22.25	-0.00196893
22.26	-0.00234452
22.27	-0.00270609
22.28	-0.00305182
22.29	-0.00338
22.3	-0.00368901
22.31	-0.00397733
22.32	-0.00424358
22.33	-0.00448647
22.34	-0.00470486
22.35	-0.00489774
22.36	-0.00506423
22.37	-0.0052036
22.38	-0.00531525
22.39	-0.00539875
22.4	-0.00545379
22.41	-0.00548024
22.42	-0.00547809
22.43	-0.00544749
22.44	-0.00538876
22.45	-0.00530232
22.46	-0.00518877
22.47	-0.00504883
22.48	-0.00488335
22.49	-0.00469332
22.5	-0.00447986
22.51	-0.00424417
22.52	-0.0039876
22.53	-0.00371159
22.54	-0.00341765
22.55	-0.00310741
22.56	-0.00278256
22.57	-0.00244486
22.58	-0.00209612
22.59	-0.00173821
22.6	-0.00137304
22.61	-0.00100253
22.62	-0.000628645
22.63	-0.000253332
22.64	0.000121448
22.65	0.000493751
22.66	0.000861656
22.67	0.00122327
22.68	0.00157676
22.69	0.00192031
22.7	0.00225219
22.71	0.00257075
22.72	0.00287438
22.73	0.00316158
22.74	0.00343095
22.75	0.00368118
22.76	0.00391105
22.77	0.00411947
22.78	0.00430547
22.79	0.00446819
22.8	0.00460691
22.81	0.00472101
22.82	0.00481003
22.83	0.00487362
22.84	0.00491159
22.85	0.00492386
22.86	0.0049105
22.87	0.0048717
22.88	0.00480778
22.89	0.00471921
22.9	0.00460656
22.91	0.00447054
22.92	0.00431197
22.93	0.00413178
22.94	0.00393102
22.95	0.00371083
22.96	0.00347246
22.97	0.00321722
22.98	0.00294653
22.99	0.00266186
23	0.00236477
23.01	0.00205687
23.02	0.00173979
23.03	0.00141524
23.04	0.00108494
23.05	0.000750634
23.06	0.000414073
23.07	7.70182e-005
23.08	-0.000258776
23.09	-0.000591573
23.1	-0.000919657
23.11	-0.00124135
23.12	-0.00155501
23.13	-0.00185905
23.14	-0.00215193
23.15	-0.0024322
23.16	-0.00269845
23.17	-0.00294937
23.18	-0.00318374
23.19	-0.00340042
23.2	-0.00359837
23.21	-0.00377666
23.22	-0.00393445
23.23	-0.00407102
23.24	-0.00418578
23.25	-0.00427824
23.26	-0.00434801
23.27	-0.00439486
23.28	-0.00441866
23.29	-0.00441938
23.3	-0.00439714
23.31	-0.00435218
23.32	-0.00428483
23.33	-0.00419556
23.34	-0.00408494
23.35	-0.00395364
23.36	-0.00380246
23.37	-0.00363227
23.38	-0.00344405
23.39	-0.00323887
23.4	-0.00301788
23.41	-0.0027823
23.42	-0.00253343
23.43	-0.00227263
23.44	-0.00200131
23.45	-0.00172093
23.46	-0.00143299
23.47	-0.00113903
23.48	-0.000840599
23.49	-0.000539272
23.5	-0.000236628
23.51	6.57542e-005
23.52	0.000366306
23.53	0.000663474
23.54	0.000955733
23.55	0.00124159
23.56	0.00151959
23.57	0.00178832
23.58	0.00204645
23.59	0.00229267
23.6	0.00252577
23.61	0.00274461
23.62	0.00294811
23.63	0.0031353
23.64	0.00330528
23.65	0.00345725
23.66	0.00359052
23.67	0.00370449
23.68	0.00379865
23.69	0.00387261
23.7	0.0039261
23.71	0.00395894
23.72	0.00397104
23.73	0.00396247
23.74	0.00393335
23.75	0.00388395
23.76	0.00381462
23.77	0.00372581
23.78	0.00361809
23.79	0.00349211
23.8	0.00334861
23.81	0.00318843
23.82	0.00301247
23.83	0.00282174
23.84	0.00261728
23.85	0.00240024
23.86	0.00217181
23.87	0.00193321
23.88	0.00168575
23.89	0.00143076
23.9	0.00116958
23.91	0.000903623
23.92	0.000634279
23.93	0.000362967
23.94	9.1106e-005
23.95	-0.000179889
23.96	-0.000448615
23.97	-0.000713687
23.98	-0.000973747
23.99	-0.00122747
24	-0.00147356
24.01	-0.00171079
24.02	-0.00193797
24.03	-0.00215396
24.04	-0.0023577
24.05	-0.00254819
24.06	-0.00272451
24.07	-0.0028858
24.08	-0.00303132
24.09	-0.00316037
24.1	-0.00327237
24.11	-0.00336682
24.12	-0.00344332
24.13	-0.00350156
24.14	-0.00354133
24.15	-0.0035625
24.16	-0.00356507
24.17	-0.00354911
24.18	-0.00351479
24.19	-0.00346238
24.2	-0.00339225
24.21	-0.00330485
24.22	-0.00320071
24.23	-0.00308046
24.24	-0.0029448
24.25	-0.00279451
24.26	-0.00263045
24.27	-0.00245353
24.28	-0.00226475
24.29	-0.00206513
24.3	-0.00185576
24.31	-0.00163779
24.32	-0.00141238
24.33	-0.00118075
24.34	-0.000944131
24.35	-0.000703769
24.36	-0.000460937
24.37	-0.000216906
24.38	2.70496e-005
24.39	0.000269663
24.4	0.000509681
24.41	0.000745869
24.42	0.00097702
24.43	0.00120196
24.44	0.00141954
24.45	0.00162869
24.46	0.00182834
24.47	0.00201751
24.48	0.00219527
24.49	0.00236076
24.5	0.00251316
24.51	0.00265177
24.52	0.00277591
24.53	0.00288503
24.54	0.00297863
24.55	0.00305629
24.56	0.0031177
24.57	0.00316261
24.58	0.00319087
24.59	0.00320242
24.6	0.00319728
24.61	0.00317555
24.62	0.00313744
24.63	0.00308323
24.64	0.00301326
24.65	0.00292799
24.66	0.00282793
24.67	0.00271368
24.68	0.00258589
24.69	0.0024453
24.7	0.0022927
24.71	0.00212895
24.72	0.00195494
24.73	0.00177164
24.74	0.00158004
24.75	0.00138118
24.76	0.00117612
24.77	0.00096596
24.78	0.00075182
24.79	0.00053483
24.8	0.00031613
24.81	9.68663e-005
24.82	-0.000121821
24.83	-0.000338798
24.84	-0.000552947
24.85	-0.00076317
24.86	-0.000968392
24.87	-0.00116757
24.88	-0.00135971
24.89	-0.00154384
24.9	-0.00171904
24.91	-0.00188445
24.92	-0.00203926
24.93	-0.00218271
24.94	-0.00231412
24.95	-0.00243287
24.96	-0.00253839
24.97	-0.00263021
24.98	-0.00270791
24.99	-0.00277117
